365
402
293
129
231
400
215
473
174
144
285
272
342
176
158
457
415
194
457
324
14
48
187
16
372
296
164
43
433
23
380
488
240
11
258
26
243
243
476
117
313
70
482
478
151
65
366
421
342
273
374
344
423
43
193
103
307
469
251
27
43
98
280
197
420
489
442
340
89
448
342
214
84
319
226
199
328
445
284
383
314
80
391
491
141
70
374
298
201
145
81
106
81
389
57
80
332
230
197
158
277
298
79
101
73
48
55
411
217
419
381
117
65
397
382
152
369
222
345
340
212
343
160
40
318
445
155
491
366
360
69
26
280
28
162
130
193
137
374
205
360
242
52
216
405
164
69
333
456
363
52
191
302
472
391
496
272
262
450
147
414
191
221
296
112
356
416
295
123
219
186
363
191
421
407
97
402
371
440
76
362
378
416
34
411
262
35
482
452
104
119
454
22
279
412
147
120
449
1
420
393
82
125
302
379
432
177
297
356
121
398
239
15
86
249
280
456
480
259
418
177
151
64
485
97
221
28
34
109
174
211
6
150
478
367
102
301
30
202
470
348
49
226
457
137
431
310
17
234
402
417
27
168
58
71
306
86
184
419
419
252
213
399
263
421
234
315
301
490
82
3
84
85
128
226
454
93
153
8
84
74
267
406
256
14
271
41
8
357
494
59
125
3
350
486
63
337
365
89
177
306
283
105
448
430
426
61
237
431
395
372
72
466
399
303
393
157
411
479
118
346
59
442
168
301
385
119
295
309
420
276
44
182
231
237
437
2
453
469
53
365
105
370
278
233
427
283
20
1
383
46
171
33
63
378
281
276
142
458
473
203
472
371
157
498
383
264
121
385
355
410
491
119
376
34
352
210
477
236
91
386
149
395
135
306
302
373
40
361
152
71
64
111
44
125
249
441
339
210
445
243
199
113
68
132
382
156
406
50
94
164
252
41
63
90
205
148
245
206
482
170
485
339
337
316
451
127
22
120
255
373
127
188
392
70
50
386
478
350
306
376
351
76
409
104
202
443
157
348
278
211
150
94
213
413
487
205
72
224
269
416
83
279
8
397
247
353
22
40
190
484
225
358
231
137
121
283
43
49
210
253
229
455
211
80
208
253
32
73
471
81
302
49
256
260
14
5
373
10
207
